102
19
40
15
106
108
32
80
126
96
69
16
21
83
18
65
139
84
80
22
106
53
65
66
41
106
68
129
75
68
94
62
80
23
96
97
53
39
48
67
40
79
83
91
90
25
78
69
79
67
64
64
51
50
73
104
54
93
43
48
77
74
21
71
107
86
69
103
29
55
23
47
94
80
37
33
35
39
79
82
28
7
88
71
82
92
83
84
56
23
80
159
42
72
11
90
86
12
74
71
4
91
44
97
27
103
40
50
45
8
10
72
59
81
102
65
106
68
82
74
17
48
72
22
53
52
15
110
98
47
59
42
58
89
17
37
34
5
72
6
24
66
17
14
79
22
23
13
26
65
6
15
24
23
10
4
14
21
25
7
6
14
18
10
3
2
2